> zaro
  [1] 26.16865 25.62315 25.02928 24.98640 25.06518 24.74058 24.56007 24.74107 24.97493 25.02080 25.33444 25.27561 25.83108
 [14] 26.64634 26.92358 26.68723 25.86050 25.43018 25.46309 26.65282 26.35165 26.38955 26.06643 26.30677 26.47731 26.31924
 [27] 26.77349 26.72513 27.07217 27.37534 27.06769 26.91112 27.06918 26.87372 26.52268 26.73111 27.11904 27.69795 27.84355
 [40] 28.48879 28.60347 28.59001 28.68774 28.30653 28.36463 27.67452 27.48354 27.69945 27.29107 27.64959 27.46659 27.89841
 [53] 27.82311 27.94129 27.86400 28.43144 27.86275 27.68250 27.34193 27.52593 27.32498 27.05372 26.70319 26.76477 26.77748
 [66] 27.00635 26.96497 26.92657 26.88469 26.44689 26.55360 26.61692 26.13076 26.69571 26.62540 26.89441 27.27512 28.17564
 [79] 27.76850 27.68400 27.45400 26.86700 26.89500 27.03900 26.54000 26.21100 26.53500 26.91100 26.78500 26.45200 26.48100
 [92] 26.92000 26.69250 26.61500 26.86800 26.96350 27.12550 27.00550 26.61600 26.98950 26.98900 26.60550 26.69950 26.95900
[105] 27.01550 26.83500 26.66650 26.34150 26.33450 26.83450 26.73050 26.61650 26.36000 26.40750 26.46300 26.83650 26.83450
[118] 26.90950 27.02400 26.89200 26.76150 26.58450 26.07600 26.02550 26.09200 26.17000 26.14300 26.25100 25.84150 26.03400
[131] 26.50650 27.32750 28.05500 28.01100 28.99250 33.64650 33.15100 33.11500 33.10500 32.21400 31.17800 31.36300 31.40000
[144] 31.59650 31.62950 31.28050 31.56050 31.46250 32.18900 32.13400 31.76500 31.68650 33.03900 32.97800 32.82250 32.85600
[157] 33.04350 32.80650 33.04500 32.34150 30.62400 29.48050 29.10300 31.43100 31.88050 31.51900 30.91250 29.88950 30.71700
[170] 30.31250 30.03500 30.73300 30.63600 31.06750 31.28850 31.16200 31.75700 31.79900 32.14500 31.46250 31.77200 31.13450
[183] 31.11800 31.29000 30.59850 29.74450 29.74850 30.42100 30.56450 31.34550 32.07350 32.27200 32.11800 31.95800 32.18050
[196] 32.33350 32.61500 32.55800 33.08700 33.11000 33.30500 32.51400 32.13050 32.58950 35.10000 35.63900 35.42450 35.64750
[209] 35.84600 35.54050 36.05550 36.10800 36.40550 36.56250 36.68800 36.24450 36.41600 36.77000 36.56150 35.85000 36.44800
[222] 36.26500 37.00000 36.92050 37.83000 37.79900 37.41400 37.40750 37.51300 37.13000 38.35200 38.11900 37.62700 38.34050
[235] 38.16250 38.11850 37.58050 37.47300 36.94350 37.38850 37.17000 37.90450 37.47150 36.96550 37.38850 37.50000 37.51550
[248] 37.42000 38.12550 38.83000 38.55000